0 0 1.01817
0 1 0.0296392
0 2 -0.0352107
0 3 -2.04288e-10
0 4 -0.0023389
0 5 1.0958e-16
0 6 6.39126e-11
0 7 0.00252368
0 8 -2.88424e-18
0 9 1.31615e-11
0 10 -1.26313e-18
0 11 -0.00237569
0 12 5.42081e-18
0 13 -0.000939932
0 14 -0.000236153
0 15 -0.00932561
0 16 0.00110977
0 17 0.00804953
0 18 -0.00263247
0 19 1.27734e-16
0 20 -0.0023468
0 21 0.00268045
0 22 -4.67494e-18
0 23 0.0022512
0 24 2.10831e-19
0 25 0.0021273
0 26 -1.67886e-18
0 27 -0.00118768
0 28 -0.00102957
0 29 -0.00262688
0 30 0.00751881
0 31 -0.000363585
0 32 -0.00235392
0 33 3.06661e-17
0 34 -0.00285464
0 35 0.0032232
0 36 -1.61634e-18
0 37 0.000585777
0 38 6.01052e-18
0 39 -0.000619047
0 40 2.46151e-18
0 41 0.000132327
0 42 -0.000423591
0 43 0.00114397
0 44 -0.00450704
0 45 -2.57278e-10
0 46 0.000279461
0 47 -1.36212e-17
0 48 7.57775e-11
0 49 -0.00256332
0 50 -1.68707e-19
0 51 -2.59833e-11
0 52 -7.35083e-19
0 53 0.000150657
0 54 5.43331e-18
0 55 -0.000249643
0 56 -0.00102957
0 57 -0.00262688
0 58 0.00751881
0 59 0.000363587
0 60 -0.00235392
0 61 -2.41988e-16
0 62 0.00285464
0 63 0.0032232
0 64 4.5148e-18
0 65 -0.000585777
0 66 3.53268e-19
0 67 -0.000619047
0 68 -1.42007e-18
0 69 0.000132327
0 70 -0.000236153
0 71 -0.00932561
0 72 0.00110977
0 73 -0.00804953
0 74 -0.00263247
0 75 -2.99693e-18
0 76 0.00234681
0 77 0.00268045
0 78 -4.96972e-19
0 79 -0.0022512
0 80 5.80033e-18
0 81 0.0021273
0 82 2.86256e-18
0 83 -0.00118768
0 84 -0.020766
0 85 0.0101165
0 86 -6.76814e-12
0 87 0.00460937
0 88 2.56301e-18
0 89 0.00131415
0 90 0.000279474
0 91 -1.2725e-05
0 92 -0.00045956
0 93 3.84147e-18
0 94 -4.27696e-05
0 95 0.000930836
0 96 -9.35041e-07
0 97 -0.000237481
0 98 1.55888e-18
0 99 -0.00051748
0 100 -0.000539379
0 101 -8.12203e-12
0 102 8.99294e-05
0 103 -2.25053e-18
0 104 -4.27703e-05
0 105 0.000930838
0 106 9.35031e-07
0 107 -0.000237481
0 108 -3.61805e-18
0 109 0.00131415
0 110 0.000279476
0 111 1.27249e-05
0 112 -0.00045956
0 113 -1.27552e-18
1 0 0.0296392
1 1 0.612472
1 2 -0.133172
1 3 9.80021e-10
1 4 -0.0145251
1 5 7.41319e-16
1 6 1.53191e-09
1 7 -0.0167798
1 8 3.19071e-17
1 9 -2.36451e-10
1 10 4.68799e-18
1 11 -0.00311805
1 12 5.42083e-17
1 13 0.000612579
1 14 -0.00932489
1 15 0.113764
1 16 -0.0643893
1 17 -0.207663
1 18 0.12333
1 19 8.43641e-16
1 20 0.0737591
1 21 -0.0173954
1 22 4.55754e-18
1 23 -0.0126951
1 24 -1.54098e-17
1 25 -0.00580182
1 26 5.99133e-18
1 27 0.006204
1 28 -0.00262867
1 29 -0.0382239
1 30 0.047007
1 31 0.0189852
1 32 -0.0524179
1 33 4.43486e-16
1 34 -0.0219096
1 35 0.0202619
1 36 4.25115e-19
1 37 -0.00762845
1 38 3.27729e-17
1 39 -0.00134345
1 40 1.8902e-17
1 41 -0.000960879
1 42 0.00114397
1 43 -0.0218867
1 44 -0.039047
1 45 9.52295e-10
1 46 -0.0288898
1 47 -4.67037e-16
1 48 1.54667e-09
1 49 -0.0160379
1 50 2.90667e-17
1 51 2.357e-10
1 52 -1.02207e-17
1 53 0.000422346
1 54 5.42457e-17
1 55 0.00305989
1 56 -0.00262867
1 57 -0.0382239
1 58 0.047007
1 59 -0.0189853
1 60 -0.0524179
1 61 -1.29907e-15
1 62 0.0219096
1 63 0.0202619
1 64 6.64668e-17
1 65 0.00762845
1 66 -2.32911e-17
1 67 -0.00134345
1 68 -7.60635e-18
1 69 -0.000960879
1 70 -0.00932489
1 71 0.113764
1 72 -0.0643893
1 73 0.207663
1 74 0.12333
1 75 -4.74141e-16
1 76 -0.0737591
1 77 -0.0173954
1 78 6.47535e-17
1 79 0.0126951
1 80 4.04514e-17
1 81 -0.00580182
1 82 5.73011e-18
1 83 0.006204
1 84 0.247756
1 85 -0.0955449
1 86 5.45706e-11
1 87 -0.0172112
1 88 3.08611e-18
1 89 -0.0585355
1 90 0.0016945
1 91 -0.00275573
1 92 0.00212473
1 93 2.38614e-17
1 94 0.0380768
1 95 0.00458919
1 96 0.000932017
1 97 -0.000790653
1 98 1.60154e-17
1 99 0.00566788
1 100 -0.00963065
1 101 5.36643e-11
1 102 0.000684798
1 103 -1.28e-17
1 104 0.0380768
1 105 0.00458915
1 106 -0.000932017
1 107 -0.000790653
1 108 -3.38784e-17
1 109 -0.0585355
1 110 0.00169446
1 111 0.00275573
1 112 0.00212473
1 113 -2.5853e-17
2 0 -0.0352107
2 1 -0.133172
2 2 0.0663019
2 3 1.25401e-08
2 4 0.0160174
2 5 -2.67823e-16
2 6 -8.19022e-09
2 7 -0.01625
2 8 5.81455e-18
2 9 -7.23303e-10
2 10 1.57459e-18
2 11 0.00162101
2 12 -1.17448e-17
2 13 -0.00490112
2 14 0.00111756
2 15 -0.0643482
2 16 0.00582947
2 17 0.0136904
2 18 -0.0743531
2 19 4.94553e-17
2 20 0.0100464
2 21 0.0164245
2 22 1.43769e-17
2 23 -0.000726591
2 24 5.44481e-18
2 25 0.00120188
2 26 6.04345e-19
2 27 -0.00334488
2 28 0.0075188
2 29 0.0469669
2 30 -0.00520648
2 31 0.0535706
2 32 0.0169166
2 33 9.69029e-17
2 34 -0.0234331
2 35 -0.0056329
2 36 1.55689e-17
2 37 -0.000981101
2 38 -7.59808e-18
2 39 0.00104965
2 40 -1.43306e-18
2 41 -0.000254475
2 42 -0.00450704
2 43 -0.039047
2 44 -0.00702149
2 45 1.26311e-08
2 46 -0.032732
2 47 -4.9844e-17
2 48 -8.21462e-09
2 49 0.00607772
2 50 4.21435e-18
2 51 7.2577e-10
2 52 -1.12851e-18
2 53 -0.00106572
2 54 -1.1738e-17
2 55 0.00113141
2 56 0.0075188
2 57 0.0469669
2 58 -0.00520649
2 59 -0.0535707
2 60 0.0169166
2 61 -6.67405e-17
2 62 0.0234331
2 63 -0.00563289
2 64 -8.47965e-18
2 65 0.0009811
2 66 4.2881e-18
2 67 0.00104965
2 68 -1.46619e-18
2 69 -0.000254475
2 70 0.00111756
2 71 -0.0643482
2 72 0.00582946
2 73 -0.0136905
2 74 -0.0743531
2 75 -3.63053e-17
2 76 -0.0100464
2 77 0.0164245
2 78 -1.07434e-17
2 79 0.000726591
2 80 -6.47854e-18
2 81 0.00120188
2 82 -3.42553e-18
2 83 -0.00334488
2 84 -0.0312196
2 85 0.0230504
2 86 3.55727e-10
2 87 0.0039021
2 88 -1.81826e-18
2 89 -0.0584229
2 90 0.0118176
2 91 0.00222298
2 92 0.000169194
2 93 -5.92016e-18
2 94 0.0504776
2 95 -0.0153248
2 96 -0.00140542
2 97 0.00180174
2 98 -4.80087e-18
2 99 0.014651
2 100 0.000667463
2 101 3.57484e-10
2 102 -0.000341635
2 103 2.10478e-19
2 104 0.0504776
2 105 -0.0153249
2 106 0.00140542
2 107 0.00180174
2 108 4.43979e-18
2 109 -0.0584229
2 110 0.0118176
2 111 -0.00222298
2 112 0.000169193
2 113 3.3534e-18
3 0 -2.04288e-10
3 1 9.80021e-10
3 2 1.25401e-08
3 3 0.482543
3 4 4.74757e-09
3 5 2.12094e-17
3 6 -0.121637
3 7 6.5975e-09
3 8 -1.30354e-16
3 9 -0.0127087
3 10 -2.75913e-17
3 11 -5.96744e-11
3 12 5.99992e-17
3 13 1.77139e-10
3 14 -0.00629914
3 15 0.210663
3 16 -0.0712946
3 17 -0.269719
3 18 0.168981
3 19 2.86984e-16
3 20 0.0849597
3 21 -0.0226472
3 22 -1.74038e-16
3 23 -0.0097719
3 24 -3.29059e-18
3 25 0.00133019
3 26 -3.73811e-17
3 27 -0.00394514
3 28 -0.00222241
3 29 -0.0359236
3 30 0.0414741
3 31 0.0200292
3 32 -0.0342403
3 33 -2.90308e-16
3 34 -0.025379
3 35 0.0185289
3 36 -1.21733e-16
3 37 -0.00997705
3 38 7.69868e-17
3 39 -0.00272002
3 40 1.84398e-17
3 41 -0.00155194
3 42 2.57484e-10
3 43 -9.51533e-10
3 44 -1.26319e-08
3 45 -0.0406088
3 46 4.74319e-09
3 47 -7.22063e-16
3 48 -0.00401576
3 49 6.59606e-09
3 50 -2.13635e-17
3 51 -0.00287637
3 52 9.73039e-18
3 53 6.59846e-11
3 54 5.98854e-17
3 55 -1.75083e-10
3 56 0.00222241
3 57 0.0359236
3 58 -0.0414741
3 59 0.0200292
3 60 0.0342403
3 61 9.96545e-16
3 62 -0.025379
3 63 -0.0185289
3 64 -5.00905e-18
3 65 -0.00997705
3 66 1.65208e-17
3 67 0.00272002
3 68 -3.1869e-18
3 69 0.00155194
3 70 0.00629914
3 71 -0.210663
3 72 0.0712946
3 73 -0.269719
3 74 -0.168981
3 75 2.82074e-16
3 76 0.0849597
3 77 0.0226472
3 78 -3.9537e-17
3 79 -0.0097719
3 80 5.77921e-17
3 81 -0.00133019
3 82 5.13392e-17
3 83 0.00394514
3 84 -2.39368e-09
3 85 -1.78883e-08
3 86 0.00865112
3 87 -1.77742e-11
3 88 3.79674e-17
3 89 -0.078885
3 90 -0.0196462
3 91 -0.00616514
3 92 0.00202701
3 93 4.9286e-17
3 94 0.0505197
3 95 0.0136079
3 96 0.0011827
3 97 -0.000978162
3 98 2.28247e-17
3 99 2.41656e-09
3 100 1.78816e-08
3 101 -0.000512356
3 102 -1.7384e-11
3 103 -1.36542e-17
3 104 -0.0505197
3 105 -0.0136079
3 106 0.0011827
3 107 0.000978162
3 108 -2.41475e-17
3 109 0.078885
3 110 0.0196462
3 111 -0.00616514
3 112 -0.00202701
3 113 1.76818e-18
4 0 -0.0023389
4 1 -0.0145251
4 2 0.0160174
4 3 4.74757e-09
4 4 0.477386
4 5 7.05955e-16
4 6 -5.47972e-10
4 7 -0.172361
4 8 -9.47879e-17
4 9 -5.1211e-10
4 10 -1.50836e-17
4 11 0.00108168
4 12 -1.03314e-16
4 13 -0.0111299
4 14 0.00565545
4 15 -0.118148
4 16 -0.0253842
4 17 0.163188
4 18 -0.0779259
4 19 -3.79379e-16
4 20 -0.0321754
4 21 0.0596731
4 22 2.66668e-17
4 23 -0.00494673
4 24 7.87709e-17
4 25 0.000683707
4 26 -4.66671e-17
4 27 -0.0146643
4 28 0.000862111
4 29 0.0426771
4 30 0.0379914
4 31 -0.0129398
4 32 0.0472939
4 33 -3.54819e-16
4 34 0.0197659
4 35 0.022624
4 36 5.09833e-17
4 37 0.00563465
4 38 -1.71415e-17
4 39 0.00276855
4 40 6.16355e-18
4 41 0.00204801
4 42 -0.000279461
4 43 0.0288898
4 44 0.032732
4 45 4.74331e-09
4 46 0.03355
4 47 -1.09134e-15
4 48 -5.47602e-10
4 49 -0.00593613
4 50 2.37081e-17
4 51 5.1093e-10
4 52 3.83862e-18
4 53 0.000322286
4 54 -1.03495e-16
4 55 -0.000651361
4 56 0.00086211
4 57 0.0426771
4 58 0.0379914
4 59 0.0129398
4 60 0.0472939
4 61 1.89948e-15
4 62 -0.0197659
4 63 0.022624
4 64 -1.23983e-16
4 65 -0.00563465
4 66 8.92756e-17
4 67 0.00276855
4 68 -2.84452e-17
4 69 0.00204801
4 70 0.00565545
4 71 -0.118148
4 72 -0.0253842
4 73 -0.163188
4 74 -0.0779258
4 75 -1.78939e-16
4 76 0.0321754
4 77 0.0596731
4 78 -1.20034e-16
4 79 0.00494674
4 80 -2.66658e-17
4 81 0.000683707
4 82 2.23268e-17
4 83 -0.0146643
4 84 0.439866
4 85 -0.0808182
4 86 1.66404e-10
4 87 -0.00867874
4 88 2.82943e-17
4 89 0.00329057
4 90 -0.0157729
4 91 0.0017505
4 92 -0.00346038
4 93 -2.61852e-17
4 94 -0.0357585
4 95 -0.00651084
4 96 -0.000732275
4 97 0.000609955
4 98 -5.0484e-17
4 99 -0.00843924
4 100 0.00617307
4 101 1.66915e-10
4 102 0.000151801
4 103 -1.60175e-17
4 104 -0.0357585
4 105 -0.00651089
4 106 0.000732276
4 107 0.000609956
4 108 3.92614e-17
4 109 0.00329059
4 110 -0.0157729
4 111 -0.0017505
4 112 -0.00346038
4 113 6.26925e-17
5 0 1.0958e-16
5 1 7.41319e-16
5 2 -2.67823e-16
5 3 2.12094e-17
5 4 7.05955e-16
5 5 0.390677
5 6 2.98052e-16
5 7 8.84675e-17
5 8 -0.0203387
5 9 -1.19571e-17
5 10 -0.00663845
5 11 1.18709e-17
5 12 -3.16214e-13
5 13 4.39769e-17
5 14 1.00654e-16
5 15 -3.41135e-16
5 16 -1.16656e-16
5 17 7.53679e-16
5 18 1.80171e-16
5 19 0.253449
5 20 -2.29659e-16
5 21 1.00053e-16
5 22 -0.0168579
5 23 3.83825e-18
5 24 0.00687245
5 25 -4.17539e-18
5 26 -0.0101895
5 27 1.48097e-17
5 28 -3.97802e-17
5 29 1.63375e-16
5 30 1.14975e-16
5 31 -2.57241e-16
5 32 -8.98606e-16
5 33 -0.0210055
5 34 -1.2199e-16
5 35 5.03244e-17
5 36 -0.00989003
5 37 -1.25636e-17
5 38 0.0110066
5 39 -1.29871e-18
5 40 0.00302754
5 41 4.5578e-17
5 42 -2.43722e-18
5 43 -1.10891e-16
5 44 -2.35769e-16
5 45 -4.4915e-16
5 46 1.21487e-15
5 47 -0.158238
5 48 1.79716e-16
5 49 -5.53797e-16
5 50 -0.00640199
5 51 2.13324e-17
5 52 0.00162857
5 53 7.89508e-18
5 54 -4.39622e-13
5 55 8.02368e-17
5 56 -9.0868e-17
5 57 2.18784e-16
5 58 2.28795e-16
5 59 2.19729e-16
5 60 -6.76641e-16
5 61 -0.0210055
5 62 3.4652e-17
5 63 6.32718e-16
5 64 -0.00989003
5 65 5.70489e-17
5 66 0.0110066
5 67 -1.11194e-17
5 68 -0.00302754
5 69 6.82108e-17
5 70 3.53e-17
5 71 1.00399e-17
5 72 -9.4039e-17
5 73 3.30623e-16
5 74 7.32288e-16
5 75 0.253449
5 76 -2.46952e-16
5 77 -4.33417e-16
5 78 -0.0168579
5 79 2.00437e-17
5 80 0.00687245
5 81 -7.38536e-18
5 82 0.0101895
5 83 3.48378e-17
5 84 -3.50836e-16
5 85 -1.26258e-17
5 86 -2.83287e-17
5 87 -2.52308e-17
5 88 0.00956917
5 89 3.75605e-16
5 90 1.97856e-16
5 91 -1.76175e-18
5 92 -1.76259e-17
5 93 0.00607377
5 94 -1.81843e-17
5 95 8.79952e-17
5 96 -5.80646e-18
5 97 3.31131e-18
5 98 -0.000912687
5 99 -1.21406e-16
5 100 -1.0963e-16
5 101 -1.94285e-17
5 102 -6.8242e-18
5 103 -0.00440668
5 104 9.41938e-17
5 105 2.56531e-17
5 106 9.91968e-18
5 107 -4.21676e-17
5 108 -0.000912687
5 109 8.33677e-17
5 110 -1.78193e-17
5 111 1.49629e-17
5 112 4.67938e-17
5 113 0.00607377
6 0 6.39126e-11
6 1 1.53191e-09
6 2 -8.19022e-09
6 3 -0.121637
6 4 -5.47972e-10
6 5 2.98052e-16
6 6 0.0386691
6 7 -5.74783e-09
6 8 9.45386e-18
6 9 0.00423179
6 10 1.12665e-18
6 11 5.82261e-11
6 12 1.07101e-18
6 13 -2.62305e-10
6 14 0.00349587
6 15 -0.0519568
6 16 0.0092004
6 17 0.0897458
6 18 -0.0198909
6 19 3.54727e-16
6 20 -0.0251434
6 21 -0.00334515
6 22 1.76042e-17
6 23 0.00180673
6 24 2.46159e-19
6 25 -0.000473508
6 26 6.5432e-19
6 27 0.00145438
6 28 0.00136757
6 29 0.00654342
6 30 -0.0166073
6 31 0.0271469
6 32 -0.0118733
6 33 2.9683e-16
6 34 -0.00143812
6 35 0.00495218
6 36 1.32217e-17
6 37 0.00248575
6 38 2.58351e-19
6 39 0.000450308
6 40 1.42774e-18
6 41 0.00100119
6 42 -7.56352e-11
6 43 -1.55391e-09
6 44 8.21609e-09
6 45 -0.00401576
6 46 -5.43935e-10
6 47 -2.53464e-17
6 48 0.0121522
6 49 -5.74914e-09
6 50 5.43323e-18
6 51 -0.000728386
6 52 -1.31246e-18
6 53 -5.97921e-11
6 54 1.07471e-18
6 55 2.6176e-10
6 56 -0.00136757
6 57 -0.00654342
6 58 0.0166073
6 59 0.0271469
6 60 0.0118733
6 61 -3.37526e-16
6 62 -0.00143813
6 63 -0.00495218
6 64 7.98735e-19
6 65 0.00248575
6 66 -1.1305e-18
6 67 -0.000450308
6 68 -1.69208e-18
6 69 -0.00100119
6 70 -0.00349587
6 71 0.0519568
6 72 -0.00920041
6 73 0.0897458
6 74 0.0198909
6 75 -2.37679e-16
6 76 -0.0251434
6 77 0.00334515
6 78 4.60393e-18
6 79 0.00180673
6 80 1.61498e-18
6 81 0.000473508
6 82 -8.76606e-19
6 83 -0.00145438
6 84 5.08419e-09
6 85 1.11845e-08
6 86 -0.00236796
6 87 -8.99547e-11
6 88 -2.13693e-19
6 89 0.0457413
6 90 -0.00177413
6 91 0.000806582
6 92 -0.000646054
6 93 9.13147e-19
6 94 0.0210846
6 95 -0.0101537
6 96 -0.000965327
6 97 0.000490572
6 98 1.97496e-19
6 99 -5.09837e-09
6 100 -1.11794e-08
6 101 -0.00032692
6 102 -9.06442e-11
6 103 -1.51588e-18
6 104 -0.0210846
6 105 0.0101537
6 106 -0.000965327
6 107 -0.000490572
6 108 -2.74882e-18
6 109 -0.0457413
6 110 0.00177414
6 111 0.000806582
6 112 0.000646054
6 113 -2.01544e-18
7 0 0.00252368
7 1 -0.0167798
7 2 -0.01625
7 3 6.5975e-09
7 4 -0.172361
7 5 8.84675e-17
7 6 -5.74783e-09
7 7 0.0712679
7 8 1.49725e-17
7 9 -2.47768e-10
7 10 1.68336e-19
7 11 -0.000482804
7 12 2.20144e-17
7 13 0.0068396
7 14 -0.000699654
7 15 0.0551881
7 16 0.0169645
7 17 -0.029458
7 18 0.0549001
7 19 -1.20725e-16
7 20 -0.0046277
7 21 -0.0297627
7 22 -1.95075e-17
7 23 0.0034175
7 24 -1.37801e-17
7 25 5.01277e-05
7 26 6.70611e-18
7 27 0.0059597
7 28 -0.00408139
7 29 -0.0291301
7 30 -0.0175214
7 31 -0.0105782
7 32 -0.0299709
7 33 -3.74315e-16
7 34 0.00253141
7 35 -0.00579111
7 36 -2.19844e-17
7 37 -0.000234661
7 38 7.84815e-18
7 39 -0.00124338
7 40 -1.64976e-19
7 41 -0.000561202
7 42 0.00256332
7 43 0.0160379
7 44 -0.00607772
7 45 6.59589e-09
7 46 -0.00593613
7 47 2.26433e-16
7 48 -5.74713e-09
7 49 0.00397835
7 50 -1.41396e-17
7 51 2.4819e-10
7 52 -5.88968e-19
7 53 0.000367605
7 54 2.20756e-17
7 55 0.000157202
7 56 -0.00408139
7 57 -0.0291301
7 58 -0.0175214
7 59 0.0105781
7 60 -0.0299709
7 61 -3.79449e-16
7 62 -0.00253139
7 63 -0.0057911
7 64 3.15582e-17
7 65 0.000234661
7 66 -1.46191e-17
7 67 -0.00124338
7 68 5.27422e-18
7 69 -0.000561202
7 70 -0.000699654
7 71 0.0551881
7 72 0.0169644
7 73 0.029458
7 74 0.0549001
7 75 5.69705e-16
7 76 0.00462771
7 77 -0.0297628
7 78 2.44627e-17
7 79 -0.0034175
7 80 8.35504e-18
7 81 5.01276e-05
7 82 -8.99674e-19
7 83 0.0059597
7 84 -0.175784
7 85 0.0294104
7 86 1.68669e-10
7 87 0.00342254
7 88 -1.92658e-18
7 89 0.0414052
7 90 -0.00235743
7 91 -0.00153484
7 92 0.000857828
7 93 6.93234e-18
7 94 -0.00102757
7 95 0.00469564
7 96 0.000343343
7 97 -0.000758979
7 98 9.30139e-18
7 99 0.00621502
7 100 -0.00573209
7 101 1.68177e-10
7 102 0.000544881
7 103 1.34025e-18
7 104 -0.00102755
7 105 0.00469566
7 106 -0.000343342
7 107 -0.000758978
7 108 -7.86291e-18
7 109 0.0414052
7 110 -0.00235741
7 111 0.00153484
7 112 0.000857828
7 113 -9.93812e-18
8 0 -2.88424e-18
8 1 3.19071e-17
8 2 5.81455e-18
8 3 -1.30354e-16
8 4 -9.47879e-17
8 5 -0.0203387
8 6 9.45386e-18
8 7 1.49725e-17
8 8 0.0017151
8 9 -4.72949e-19
8 10 0.000539133
8 11 2.2122e-19
8 12 -1.23428e-13
8 13 -7.80238e-19
8 14 -1.25632e-18
8 15 -2.45319e-17
8 16 1.51307e-17
8 17 -4.69887e-17
8 18 -1.08464e-16
8 19 -0.0168547
8 20 1.5977e-17
8 21 1.95643e-17
8 22 0.00162705
8 23 6.95917e-19
8 24 1.08353e-05
8 25 -1.0307e-18
8 26 0.000579753
8 27 9.79719e-19
8 28 1.72111e-18
8 29 4.35327e-17
8 30 4.80241e-18
8 31 -3.93132e-18
8 32 7.76249e-17
8 33 -0.00988644
8 34 -1.00161e-17
8 35 -1.62583e-17
8 36 0.00145014
8 37 -2.15964e-18
8 38 -0.000464777
8 39 2.02666e-19
8 40 0.00024418
8 41 3.49795e-19
8 42 -1.04547e-17
8 43 -4.50534e-17
8 44 -1.23632e-17
8 45 -1.71015e-17
8 46 2.03955e-17
8 47 -0.00640199
8 48 1.38748e-18
8 49 -1.15752e-17
8 50 0.00136125
8 51 2.1063e-18
8 52 -0.000411935
8 53 -3.64576e-19
8 54 -1.20271e-13
8 55 8.36444e-19
8 56 7.63878e-18
8 57 -1.6132e-17
8 58 1.29808e-17
8 59 3.81205e-17
8 60 -1.83789e-16
8 61 -0.00988644
8 62 9.55102e-18
8 63 2.26787e-17
8 64 0.00145014
8 65 1.88177e-18
8 66 -0.000464777
8 67 9.95093e-20
8 68 -0.00024418
8 69 2.01911e-18
8 70 1.94968e-18
8 71 -1.46918e-17
8 72 -4.11405e-18
8 73 8.23178e-17
8 74 1.21368e-16
8 75 -0.0168547
8 76 -2.1438e-17
8 77 -2.25433e-17
8 78 0.00162705
8 79 5.97321e-19
8 80 1.08353e-05
8 81 -3.48189e-19
8 82 -0.000579753
8 83 1.80966e-18
8 84 -2.15545e-17
8 85 -1.91373e-18
8 86 -7.67241e-19
8 87 1.15519e-18
8 88 -0.000474376
8 89 -5.92888e-17
8 90 3.0155e-18
8 91 2.4933e-18
8 92 9.76007e-19
8 93 -0.000385566
8 94 5.03229e-18
8 95 1.52007e-18
8 96 5.00138e-19
8 97 8.2052e-19
8 98 -0.000208183
8 99 -1.32051e-16
8 100 2.86145e-17
8 101 -6.03355e-20
8 102 -1.25686e-18
8 103 -0.000119536
8 104 3.274e-17
8 105 -6.077e-19
8 106 4.89435e-19
8 107 -1.0061e-18
8 108 -0.000208183
8 109 -3.18589e-17
8 110 2.43581e-18
8 111 -1.87314e-19
8 112 1.71442e-18
8 113 -0.000385566
9 0 1.31615e-11
9 1 -2.36451e-10
9 2 -7.23303e-10
9 3 -0.0127087
9 4 -5.1211e-10
9 5 -1.19571e-17
9 6 0.00423179
9 7 -2.47768e-10
9 8 -4.72949e-19
9 9 0.000771053
9 10 1.44576e-19
9 11 1.81053e-12
9 12 5.25193e-19
9 13 3.07993e-12
9 14 0.00215346
9 15 -0.0117152
9 16 0.00253423
9 17 0.00958937
9 18 0.00384761
9 19 -3.49094e-17
9 20 -0.00281066
9 21 -0.00203801
9 22 -7.72419e-19
9 23 0.000271001
9 24 -2.0031e-19
9 25 -9.22652e-06
9 26 1.36276e-19
9 27 0.000330175
9 28 0.000407998
9 29 -0.00464474
9 30 -0.00071218
9 31 0.000810405
9 32 -0.00777667
9 33 -1.56598e-17
9 34 0.000532276
9 35 0.00212792
9 36 -3.02572e-19
9 37 0.000328224
9 38 2.04217e-19
9 39 0.000116709
9 40 2.0678e-19
9 41 0.000255761
9 42 -2.60091e-11
9 43 2.35559e-10
9 44 7.26118e-10
9 45 0.00287637
9 46 -5.10889e-10
9 47 2.03884e-17
9 48 0.000728386
9 49 -2.48206e-10
9 50 1.02015e-18
9 51 -0.000301296
9 52 -5.188e-20
9 53 -1.98673e-12
9 54 5.22114e-19
9 55 -3.0534e-12
9 56 -0.000407998
9 57 0.00464474
9 58 0.00071218
9 59 0.000810405
9 60 0.00777667
9 61 4.08409e-17
9 62 0.000532275
9 63 -0.00212792
9 64 1.3542e-18
9 65 0.000328223
9 66 -3.02791e-19
9 67 -0.000116709
9 68 -3.46687e-20
9 69 -0.000255761
9 70 -0.00215346
9 71 0.0117152
9 72 -0.00253424
9 73 0.00958937
9 74 -0.00384761
9 75 -1.33774e-17
9 76 -0.00281066
9 77 0.00203801
9 78 1.3656e-18
9 79 0.000271001
9 80 3.23392e-19
9 81 9.22653e-06
9 82 7.83846e-22
9 83 -0.000330175
9 84 -1.80726e-10
9 85 1.07177e-09
9 86 -0.000253891
9 87 9.92351e-12
9 88 -1.3646e-19
9 89 0.0051591
9 90 0.00035627
9 91 0.00015959
9 92 7.96248e-05
9 93 5.88977e-20
9 94 0.00105832
9 95 -0.000589134
9 96 -5.82394e-05
9 97 -0.000112426
9 98 1.06383e-19
9 99 1.78747e-10
9 100 -1.07149e-09
9 101 2.07179e-05
9 102 9.88852e-12
9 103 9.29559e-21
9 104 -0.00105832
9 105 0.000589133
9 106 -5.82394e-05
9 107 0.000112426
9 108 -1.8709e-19
9 109 -0.0051591
9 110 -0.000356269
9 111 0.00015959
9 112 -7.96248e-05
9 113 -2.49348e-19
10 0 -1.26313e-18
10 1 4.68799e-18
10 2 1.57459e-18
10 3 -2.75913e-17
10 4 -1.50836e-17
10 5 -0.00663845
10 6 1.12665e-18
10 7 1.68336e-19
10 8 0.000539133
10 9 1.44576e-19
10 10 0.000169876
10 11 -9.02865e-21
10 12 -7.13373e-15
10 13 -3.82426e-19
10 14 4.07435e-19
10 15 -7.60995e-18
10 16 3.03554e-18
10 17 -8.2053e-18
10 18 -1.96331e-17
10 19 -0.00538604
10 20 3.08515e-18
10 21 2.84213e-18
10 22 0.000507461
10 23 6.28203e-20
10 24 -8.07123e-06
10 25 -2.15725e-19
10 26 0.000187677
10 27 2.41684e-20
10 28 1.39759e-19
10 29 7.5636e-18
10 30 1.40874e-18
10 31 -2.34737e-19
10 32 1.52462e-17
10 33 -0.00288112
10 34 -1.41231e-18
10 35 -1.03977e-18
10 36 0.000443866
10 37 -2.74852e-19
10 38 -0.000155109
10 39 5.77786e-20
10 40 6.70466e-05
10 41 1.58566e-19
10 42 -2.81302e-18
10 43 -8.84971e-18
10 44 -1.04466e-18
10 45 -1.6355e-18
10 46 3.53719e-18
10 47 -0.00162857
10 48 7.93488e-19
10 49 -1.27207e-18
10 50 0.000411935
10 51 7.94311e-20
10 52 -0.000124151
10 53 -1.09685e-19
10 54 -6.00028e-15
10 55 -1.23149e-19
10 56 2.13944e-18
10 57 2.24767e-18
10 58 2.37606e-18
10 59 1.53982e-17
10 60 -3.72034e-17
10 61 -0.00288112
10 62 -8.60716e-20
10 63 1.44679e-18
10 64 0.000443866
10 65 -8.18399e-20
10 66 -0.000155109
10 67 9.13715e-20
10 68 -6.70466e-05
10 69 1.8874e-19
10 70 5.16645e-19
10 71 -1.28844e-18
10 72 -2.37877e-19
10 73 1.32222e-17
10 74 1.77403e-17
10 75 -0.00538604
10 76 -2.14406e-18
10 77 -4.14326e-19
10 78 0.000507461
10 79 -1.10507e-19
10 80 -8.07123e-06
10 81 -8.56143e-20
10 82 -0.000187677
10 83 -1.27402e-19
10 84 5.51369e-18
10 85 -2.6174e-18
10 86 -2.4233e-20
10 87 1.88551e-19
10 88 -0.000155583
10 89 -9.03079e-18
10 90 -2.22274e-18
10 91 4.52635e-19
10 92 2.77109e-19
10 93 -0.000123663
10 94 3.13794e-18
10 95 -1.50407e-19
10 96 7.73693e-20
10 97 8.25589e-20
10 98 -5.9898e-05
10 99 -3.57901e-17
10 100 8.21082e-18
10 101 2.77075e-20
10 102 -2.59252e-19
10 103 -2.80275e-05
10 104 3.24629e-19
10 105 2.23449e-19
10 106 5.85832e-20
10 107 -3.85442e-20
10 108 -5.9898e-05
10 109 -7.98281e-18
10 110 5.86402e-20
10 111 -1.90475e-19
10 112 2.50022e-20
10 113 -0.000123663
11 0 -0.00237569
11 1 -0.00311805
11 2 0.00162101
11 3 -5.96744e-11
11 4 0.00108168
11 5 1.18709e-17
11 6 5.82261e-11
11 7 -0.000482804
11 8 2.2122e-19
11 9 1.81053e-12
11 10 -9.02865e-21
11 11 0.00015977
11 12 -1.92736e-19
11 13 -4.8788e-05
11 14 0.00212684
11 15 -0.00580053
11 16 0.00119996
11 17 -7.33825e-05
11 18 0.00149403
11 19 -6.52577e-18
11 20 0.000280043
11 21 -0.000385099
11 22 2.76024e-19
11 23 -3.60204e-05
11 24 1.39593e-19
11 25 4.97995e-05
11 26 2.32697e-20
11 27 -1.00621e-05
11 28 -0.000619155
11 29 -0.00134354
11 30 0.00105115
11 31 0.00103793
11 32 -0.00373832
11 33 -1.34454e-17
11 34 -0.000851403
11 35 0.00101154
11 36 3.3762e-19
11 37 -3.53452e-05
11 38 -9.94033e-20
11 39 7.01528e-05
11 40 3.76199e-22
11 41 0.000155065
11 42 0.000150657
11 43 0.000422346
11 44 -0.00106572
11 45 -6.61439e-11
11 46 -0.000322286
11 47 1.29896e-17
11 48 5.98497e-11
11 49 -0.000367605
11 50 -1.7956e-19
11 51 -1.99368e-12
11 52 -4.24586e-20
11 53 3.83381e-05
11 54 -1.91595e-19
11 55 0.000216349
11 56 -0.000619155
11 57 -0.00134354
11 58 0.00105115
11 59 -0.00103793
11 60 -0.00373832
11 61 -9.35396e-18
11 62 0.000851403
11 63 0.00101154
11 64 3.26324e-19
11 65 3.53452e-05
11 66 9.82175e-20
11 67 7.01528e-05
11 68 -4.34951e-20
11 69 0.000155065
11 70 0.00212684
11 71 -0.00580053
11 72 0.00119996
11 73 7.33826e-05
11 74 0.00149403
11 75 1.05218e-17
11 76 -0.000280043
11 77 -0.000385099
11 78 8.64237e-20
11 79 3.60204e-05
11 80 -6.42125e-20
11 81 4.97995e-05
11 82 -5.3402e-20
11 83 -1.00621e-05
11 84 -0.000650281
11 85 0.000167541
11 86 -1.57026e-12
11 87 4.85893e-05
11 88 9.26915e-21
11 89 -0.00209236
11 90 0.000785587
11 91 0.000122031
11 92 0.00010211
11 93 -1.14512e-19
11 94 0.00198999
11 95 -0.000242744
11 96 -3.3583e-05
11 97 -2.84499e-05
11 98 -1.23861e-19
11 99 -0.000236662
11 100 -0.000396304
11 101 -1.68176e-12
11 102 4.89112e-05
11 103 -3.94577e-20
11 104 0.00198999
11 105 -0.000242745
11 106 3.3583e-05
11 107 -2.84499e-05
11 108 6.71251e-20
11 109 -0.00209236
11 110 0.000785587
11 111 -0.000122031
11 112 0.00010211
11 113 8.19475e-20
12 0 5.42081e-18
12 1 5.42083e-17
12 2 -1.17448e-17
12 3 5.99992e-17
12 4 -1.03314e-16
12 5 -3.16214e-13
12 6 1.07101e-18
12 7 2.20144e-17
12 8 -1.23428e-13
12 9 5.25193e-19
12 10 -7.13373e-15
12 11 -1.92736e-19
12 12 0.000592684
12 13 -1.05209e-20
12 14 -1.57297e-18
12 15 -2.2806e-17
12 16 1.21186e-17
12 17 1.83379e-18
12 18 1.56207e-16
12 19 0.0110455
12 20 -6.64626e-18
12 21 -1.85555e-17
12 22 -0.000280691
12 23 3.99773e-19
12 24 -0.000307077
12 25 -1.98542e-19
12 26 6.0725e-05
12 27 9.58611e-19
12 28 8.46568e-18
12 29 1.2102e-17
12 30 -1.76174e-17
12 31 -5.84905e-17
12 32 -1.18985e-16
12 33 0.0110455
12 34 4.53529e-18
12 35 1.97302e-18
12 36 -0.000280691
12 37 6.15355e-19
12 38 0.000307077
12 39 3.01305e-19
12 40 6.0725e-05
12 41 -4.28641e-19
12 42 -1.24871e-17
12 43 -3.8145e-17
12 44 -2.68932e-19
12 45 1.52015e-16
12 46 -3.17912e-17
12 47 4.09481e-13
12 48 -3.86841e-18
12 49 1.33264e-17
12 50 3.12018e-14
12 51 5.80194e-19
12 52 -4.98103e-15
12 53 9.11228e-20
12 54 0.000592684
12 55 4.15204e-20
12 56 7.84147e-18
12 57 1.43391e-17
12 58 -1.04522e-17
12 59 -1.69384e-17
12 60 -3.41621e-17
12 61 -0.0110455
12 62 1.38109e-18
12 63 -9.38986e-18
12 64 0.000280691
12 65 5.3111e-20
12 66 -0.000307077
12 67 -8.90267e-20
12 68 6.0725e-05
12 69 7.09472e-19
12 70 4.54171e-18
12 71 6.74963e-17
12 72 1.39315e-17
12 73 -4.0431e-17
12 74 -9.9677e-17
12 75 -0.0110455
12 76 -3.21854e-19
12 77 -2.59486e-19
12 78 0.000280691
12 79 -1.03461e-18
12 80 0.000307077
12 81 -4.18669e-19
12 82 6.0725e-05
12 83 -3.58111e-20
12 84 -4.17121e-17
12 85 -1.0695e-17
12 86 -5.31116e-19
12 87 1.60595e-18
12 88 -7.14964e-15
12 89 2.12725e-17
12 90 2.46235e-18
12 91 -5.27556e-19
12 92 1.67271e-19
12 93 0.000281155
12 94 -1.39296e-17
12 95 6.84528e-18
12 96 -4.89729e-19
12 97 6.28497e-19
12 98 0.000281155
12 99 -5.49663e-17
12 100 2.69165e-17
12 101 1.66041e-19
12 102 5.63194e-19
12 103 7.10818e-15
12 104 -5.34442e-17
12 105 8.94644e-18
12 106 -8.81136e-20
12 107 -1.17791e-19
12 108 -0.000281155
12 109 3.03186e-18
12 110 -1.24228e-17
12 111 -1.03516e-18
12 112 4.74291e-19
12 113 -0.000281155
13 0 -0.000939932
13 1 0.000612579
13 2 -0.00490112
13 3 1.77139e-10
13 4 -0.0111299
13 5 4.39769e-17
13 6 -2.62305e-10
13 7 0.0068396
13 8 -7.80238e-19
13 9 3.07993e-12
13 10 -3.82426e-19
13 11 -4.8788e-05
13 12 -1.05209e-20
13 13 0.00138224
13 14 -0.0013562
13 15 0.00789238
13 16 0.0023104
13 17 0.00483587
13 18 0.0148436
13 19 -8.26914e-17
13 20 -0.00399433
13 21 -0.00495495
13 22 -2.74133e-18
13 23 0.000371515
13 24 -3.51602e-20
13 25 3.61904e-05
13 26 -8.78197e-20
13 27 0.000675941
13 28 0.00044118
13 29 -0.00612593
13 30 -0.000727995
13 31 -0.000591425
13 32 -0.00873722
13 33 -1.12587e-16
13 34 0.000890542
13 35 0.00138829
13 36 -2.98686e-18
13 37 0.000280213
13 38 1.09628e-19
13 39 -0.000108173
13 40 -1.98067e-19
13 41 1.85855e-05
13 42 -0.000249643
13 43 0.00305989
13 44 0.00113141
13 45 1.74947e-10
13 46 0.000651361
13 47 2.0865e-17
13 48 -2.61492e-10
13 49 -0.000157202
13 50 -2.8235e-18
13 51 -3.05744e-12
13 52 2.01659e-19
13 53 0.000216349
13 54 -5.65765e-21
13 55 0.000310675
13 56 0.00044118
13 57 -0.00612593
13 58 -0.000727997
13 59 0.000591425
13 60 -0.00873722
13 61 1.14855e-17
13 62 -0.000890541
13 63 0.00138829
13 64 1.00984e-18
13 65 -0.000280213
13 66 1.75349e-19
13 67 -0.000108173
13 68 2.91012e-19
13 69 1.85855e-05
13 70 -0.0013562
13 71 0.00789238
13 72 0.0023104
13 73 -0.00483587
13 74 0.0148436
13 75 9.66069e-17
13 76 0.00399433
13 77 -0.00495495
13 78 4.95335e-19
13 79 -0.000371515
13 80 -1.27246e-19
13 81 3.61904e-05
13 82 2.3612e-19
13 83 0.000675941
13 84 -0.0133489
13 85 0.000481941
13 86 3.22981e-12
13 87 5.39196e-05
13 88 2.88665e-19
13 89 0.0151831
13 90 -0.00283605
13 91 -0.000450715
13 92 -2.20635e-05
13 93 -7.09794e-20
13 94 0.000798229
13 95 0.000144195
13 96 -2.2984e-05
13 97 -0.000173625
13 98 -1.25588e-19
13 99 -0.00143427
13 100 -0.00109623
13 101 3.14906e-12
13 102 0.000114043
13 103 7.54014e-20
13 104 0.00079823
13 105 0.000144198
13 106 2.2984e-05
13 107 -0.000173625
13 108 3.77215e-19
13 109 0.0151831
13 110 -0.00283605
13 111 0.000450715
13 112 -2.20635e-05
13 113 4.55154e-19
14 0 -0.000236153
14 1 -0.00932489
14 2 0.00111756
14 3 -0.00629914
14 4 0.00565545
14 5 1.00654e-16
14 6 0.00349587
14 7 -0.000699654
14 8 -1.25632e-18
14 9 0.00215346
14 10 4.07435e-19
14 11 0.00212684
14 12 -1.57297e-18
14 13 -0.0013562
14 14 1.01817
14 15 0.0296411
14 16 -0.0352236
14 17 -0.00202697
14 18 -0.00117011
14 19 5.37773e-19
14 20 0.00218979
14 21 0.00126629
14 22 3.40629e-18
14 23 0.000814255
14 24 4.50051e-18
14 25 -0.00237457
14 26 -1.79013e-18
14 27 0.000466476
14 28 -0.00023733
14 29 -0.00932718
14 30 0.0011156
14 31 0.0017471
14 32 -0.00828688
14 33 -1.13426e-16
14 34 0.00114683
14 35 0.00338027
14 36 8.38806e-18
14 37 -9.58924e-05
14 38 1.71679e-18
14 39 0.00212747
14 40 3.4104e-18
14 41 0.00254402
14 42 -0.00102957
14 43 -0.00262867
14 44 0.0075188
14 45 -0.00222241
14 46 -0.00086211
14 47 -1.16149e-17
14 48 0.00136757
14 49 0.00408139
14 50 1.00806e-17
14 51 -0.000407998
14 52 -1.69065e-18
14 53 -0.000619155
14 54 -1.60606e-18
14 55 0.00044118
14 56 -0.000423761
14 57 0.00114569
14 58 -0.00450293
14 59 0.000242658
14 60 0.000141152
14 61 1.46984e-16
14 62 -0.0022181
14 63 -0.00128232
14 64 4.61418e-18
14 65 0.0002162
14 66 3.45976e-18
14 67 0.000150789
14 68 -3.53706e-18
14 69 0.000124786
14 70 -0.00102906
14 71 -0.00262832
14 72 0.00751527
14 73 -0.00185807
14 74 -0.0014952
14 75 -1.14851e-16
14 76 0.00421421
14 77 -0.000857505
14 78 4.80421e-18
14 79 0.000178456
14 80 2.93694e-18
14 81 -0.000619055
14 82 1.28678e-18
14 83 -0.000573989
14 84 0.00131811
14 85 0.000280576
14 86 -0.000392133
14 87 -0.000241273
14 88 1.49917e-18
14 89 -0.0207452
14 90 0.0101034
14 91 0.00398968
14 92 0.00230432
14 93 -3.04357e-19
14 94 0.00131988
14 95 0.000278655
14 96 -0.000405889
14 97 -0.000219132
14 98 -2.69116e-18
14 99 -4.48054e-05
14 100 0.000931439
14 101 -0.000206426
14 102 -0.000118084
14 103 -2.88836e-18
14 104 -0.000518896
14 105 -0.000538703
14 106 7.78539e-05
14 107 4.48322e-05
14 108 -1.05932e-18
14 109 -4.54623e-05
14 110 0.000930326
14 111 -0.0002054
14 112 -0.00011965
14 113 1.16873e-18
15 0 -0.00932561
15 1 0.113764
15 2 -0.0643482
15 3 0.210663
15 4 -0.118148
15 5 -3.41135e-16
15 6 -0.0519568
15 7 0.0551881
15 8 -2.45319e-17
15 9 -0.0117152
15 10 -7.60995e-18
15 11 -0.00580053
15 12 -2.2806e-17
15 13 0.00789238
15 14 0.0296411
15 15 0.612507
15 16 -0.133092
15 17 -0.0126009
15 18 -0.00727685
15 19 -2.49483e-16
15 20 -0.0144663
15 21 -0.00840913
15 22 -2.64631e-17
15 23 -0.000534483
15 24 -4.28894e-18
15 25 -0.00312091
15 26 -3.90872e-18
15 27 -0.000310576
15 28 -0.00932718
15 29 0.113826
15 30 -0.0644097
15 31 0.0030553
15 32 0.24153
15 33 7.31795e-18
15 34 0.0217582
15 35 -0.0726564
15 36 -4.53055e-17
15 37 0.000972735
15 38 -1.68821e-17
15 39 -0.00580043
15 40 -1.96431e-17
15 41 -0.0140922
15 42 -0.00262688
15 43 -0.0382239
15 44 0.0469669
15 45 -0.0359236
15 46 -0.0426771
15 47 -2.95222e-16
15 48 0.00654342
15 49 0.0291301
15 50 -5.63774e-17
15 51 0.00464474
15 52 1.28958e-17
15 53 -0.00134354
15 54 -2.27602e-17
15 55 -0.00612593
15 56 0.00114569
15 57 -0.0218615
15 58 -0.0391103
15 59 -0.0250112
15 60 -0.0144334
15 61 4.72308e-16
15 62 -0.0139031
15 63 -0.00802317
15 64 -6.62824e-17
15 65 -0.00265208
15 66 6.5443e-18
15 67 0.000424085
15 68 1.46135e-17
15 69 -0.00153055
15 70 -0.00262832
15 71 -0.0382173
15 72 0.0470214
15 73 -0.0549089
15 74 -0.00977553
15 75 7.35416e-16
15 76 0.0285093
15 77 -0.00886979
15 78 -5.4595e-17
15 79 -0.0029841
15 80 -2.79636e-17
15 81 -0.00134267
15 82 -5.99675e-19
15 83 0.00708215
15 84 -0.0585283
15 85 0.00169501
15 86 0.00321952
15 87 -0.00132352
15 88 -5.17489e-19
15 89 0.247647
15 90 -0.0955127
15 91 -0.0148976
15 92 -0.0086058
15 93 -7.3329e-18
15 94 -0.0585193
15 95 0.00170413
15 96 0.00046677
15 97 0.0034484
15 98 2.94026e-20
15 99 0.0380787
15 100 0.0045984
15 101 -0.000218024
15 102 -0.00120332
15 103 1.39476e-17
15 104 0.00565467
15 105 -0.00963422
15 106 0.000593807
15 107 0.000342317
15 108 2.11191e-17
15 109 0.0380746
15 110 0.00459711
15 111 -0.00115078
15 112 0.000411026
15 113 1.39765e-17
16 0 0.00110977
16 1 -0.0643893
16 2 0.00582947
16 3 -0.0712946
16 4 -0.0253842
16 5 -1.16656e-16
16 6 0.0092004
16 7 0.0169645
16 8 1.51307e-17
16 9 0.00253423
16 10 3.03554e-18
16 11 0.00119996
16 12 1.21186e-17
16 13 0.0023104
16 14 -0.0352236
16 15 -0.133092
16 16 0.0663439
16 17 0.0139833
16 18 0.0080421
16 19 -1.32829e-16
16 20 -0.0141302
16 21 -0.00816274
16 22 -1.10611e-18
16 23 0.00425237
16 24 -7.86492e-18
16 25 0.00162156
16 26 7.05398e-18
16 27 0.00245425
16 28 0.0011156
16 29 -0.0644097
16 30 0.0057981
16 31 -0.0576079
16 32 -0.0489957
16 33 -1.74395e-16
16 34 0.0192778
16 35 -0.00053238
16 36 -2.18243e-18
16 37 0.00326998
16 38 1.55774e-18
16 39 0.00120034
16 40 8.3179e-19
16 41 0.00104025
16 42 0.00751881
16 43 0.047007
16 44 -0.00520649
16 45 0.0414741
16 46 -0.0379914
16 47 1.79408e-16
16 48 -0.0166073
16 49 0.0175214
16 50 -1.35102e-18
16 51 0.00071218
16 52 -2.38264e-18
16 53 0.00105115
16 54 1.21556e-17
16 55 -0.000727997
16 56 -0.00450293
16 57 -0.0391103
16 58 -0.00704181
16 59 -0.0283646
16 60 -0.0163786
16 61 -3.8878e-16
16 62 0.00526059
16 63 0.00302847
16 64 2.29334e-17
16 65 -0.000981009
16 66 -1.09106e-17
16 67 -0.00106687
16 68 1.80666e-18
16 69 -0.000567661
16 70 0.00751527
16 71 0.0470214
16 72 -0.00519277
16 73 -0.012114
16 74 0.0549242
16 75 7.2992e-17
16 76 0.0068385
16 77 -0.0231544
16 78 1.82268e-17
16 79 -0.00027226
16 80 4.40284e-18
16 81 0.00105115
16 82 -3.99434e-18
16 83 0.000979204
16 84 -0.0585036
16 85 0.0118249
16 86 -0.000967464
16 87 0.00201041
16 88 -3.99629e-18
16 89 -0.0310415
16 90 0.0230148
16 91 0.00337416
16 92 0.00194849
16 93 1.85377e-18
16 94 -0.0585086
16 95 0.0118196
16 96 0.00125674
16 97 -0.0018421
16 98 4.57619e-18
16 99 0.0505642
16 100 -0.015345
16 101 0.000857731
16 102 0.00212053
16 103 5.68903e-19
16 104 0.0146563
16 105 0.000671474
16 106 -0.000296546
16 107 -0.000170543
16 108 -5.52758e-18
16 109 0.0505269
16 110 -0.015343
16 111 0.00226521
16 112 -0.00031723
16 113 -8.07248e-18
17 0 0.00804953
17 1 -0.207663
17 2 0.0136904
17 3 -0.269719
17 4 0.163188
17 5 7.53679e-16
17 6 0.0897458
17 7 -0.029458
17 8 -4.69887e-17
17 9 0.00958937
17 10 -8.2053e-18
17 11 -7.33825e-05
17 12 1.83379e-18
17 13 0.00483587
17 14 -0.00202697
17 15 -0.0126009
17 16 0.0139833
17 17 0.47863
17 18 -0.00226909
17 19 6.70339e-16
17 20 -0.159557
17 21 -0.0219756
17 22 -8.36309e-18
17 23 0.0115209
17 24 5.56798e-18
17 25 0.000936857
17 26 -1.47058e-17
17 27 -0.000696745
17 28 0.0017471
17 29 0.0030553
17 30 -0.0576079
17 31 0.0180077
17 32 0.00294219
17 33 7.47602e-16
17 34 0.0421602
17 35 0.007434
17 36 -8.43666e-18
17 37 0.0172898
17 38 1.42728e-17
17 39 0.0012601
17 40 3.14064e-18
17 41 -0.000598002
17 42 -0.000363587
17 43 0.0189853
17 44 0.0535707
17 45 0.0200292
17 46 0.0129398
17 47 -2.65846e-16
17 48 0.0271469
17 49 0.0105781
17 50 -1.16049e-17
17 51 -0.000810405
17 52 4.84737e-18
17 53 0.00103793
17 54 1.78748e-18
17 55 -0.000591425
17 56 -0.000242658
17 57 0.0250112
17 58 0.0283646
17 59 0.0150131
17 60 0.0321051
17 61 -5.25953e-16
17 62 -0.00545717
17 63 -0.000783187
17 64 -4.55106e-17
17 65 0.00121038
17 66 1.18377e-17
17 67 0.000278014
17 68 -3.69264e-18
17 69 -0.000963364
17 70 0.00185807
17 71 0.0549089
17 72 0.012114
17 73 0.0609201
17 74 0.010646
17 75 -1.12911e-15
17 76 -0.00595286
17 77 0.0310272
17 78 -3.81996e-17
17 79 0.00272958
17 80 8.25407e-18
17 81 0.00375653
17 82 1.36267e-17
17 83 -0.00981829
17 84 0.042304
17 85 -0.00383653
17 86 -0.00577296
17 87 0.00197783
17 88 1.18128e-17
17 89 0.380843
17 90 -0.0699666
17 91 -0.00434265
17 92 -0.0075068
17 93 1.15917e-17
17 94 -0.0365705
17 95 -0.0234802
17 96 -0.00250114
17 97 0.000365851
17 98 3.06001e-18
17 99 -0.0056918
17 100 0.00115605
17 101 1.38014e-05
17 102 5.82954e-05
17 103 -3.53564e-18
17 104 -0.00730801
17 105 0.00535879
17 106 -1.52975e-05
17 107 0.000285843
17 108 -3.46463e-18
17 109 -0.0562191
17 110 -0.0124535
17 111 0.00149572
17 112 -0.000551093
17 113 4.84492e-18
18 0 -0.00263247
18 1 0.12333
18 2 -0.0743531
18 3 0.168981
18 4 -0.0779259
18 5 1.80171e-16
18 6 -0.0198909
18 7 0.0549001
18 8 -1.08464e-16
18 9 0.00384761
18 10 -1.96331e-17
18 11 0.00149403
18 12 1.56207e-16
18 13 0.0148436
18 14 -0.00117011
18 15 -0.00727685
18 16 0.0080421
18 17 -0.00226909
18 18 0.481228
18 19 -1.44219e-16
18 20 -0.0219104
18 21 -0.13435
18 22 -2.25454e-16
18 23 -0.000686317
18 24 -7.60956e-17
18 25 0.000540367
18 26 -4.38329e-18
18 27 0.0123118
18 28 0.00828688
18 29 -0.24153
18 30 0.0489957
18 31 -0.0029422
18 32 -0.365563
18 33 -4.32457e-17
18 34 -0.00201576
18 35 0.102393
18 36 -1.91355e-16
18 37 0.000391787
18 38 9.93082e-17
18 39 -0.000809952
18 40 1.25753e-17
18 41 0.00714091
18 42 0.00235392
18 43 0.0524179
18 44 -0.0169166
18 45 0.0342403
18 46 0.0472939
18 47 1.11975e-15
18 48 0.0118733
18 49 -0.0299709
18 50 -4.91268e-17
18 51 -0.00777667
18 52 1.48847e-17
18 53 0.00373832
18 54 1.56132e-16
18 55 0.00873722
18 56 -0.000141152
18 57 0.0144334
18 58 0.0163786
18 59 0.0321051
18 60 -0.0220644
18 61 1.80155e-16
18 62 -0.000812234
18 63 -0.0045167
18 64 8.52411e-17
18 65 -0.00096214
18 66 -5.96983e-17
18 67 0.000160581
18 68 2.43914e-17
18 69 0.00232094
18 70 -0.0014952
18 71 -0.00977552
18 72 0.0549242
18 73 -0.010646
18 74 0.0064251
18 75 -7.71405e-16
18 76 0.0297216
18 77 0.00318053
18 78 6.28481e-17
18 79 -0.00263575
18 80 8.3317e-17
18 81 -0.000970837
18 82 4.04973e-17
18 83 0.00519864
18 84 -0.0666577
18 85 -0.0248932
18 86 0.00225189
18 87 -0.00385364
18 88 1.71476e-17
18 89 0.21997
18 90 -0.0404327
18 91 -0.00750756
18 92 0.00431267
18 93 7.84782e-17
18 94 0.0700064
18 95 0.0090962
18 96 8.43509e-05
18 97 -0.00712032
18 98 7.20631e-17
18 99 -0.0616022
18 100 -0.0150423
18 101 0.000302728
18 102 0.00178117
18 103 4.76528e-18
18 104 -0.00421196
18 105 0.00308694
18 106 0.000287018
18 107 -0.00034529
18 108 -5.71128e-17
18 109 0.0258756
18 110 0.00852186
18 111 -0.000797611
18 112 0.00029734
18 113 -5.1057e-17
19 0 1.27734e-16
19 1 8.43641e-16
19 2 4.94553e-17
19 3 2.86984e-16
19 4 -3.79379e-16
19 5 0.253449
19 6 3.54727e-16
19 7 -1.20725e-16
19 8 -0.0168547
19 9 -3.49094e-17
19 10 -0.00538604
19 11 -6.52577e-18
19 12 0.0110455
19 13 -8.26914e-17
19 14 5.37773e-19
19 15 -2.49483e-16
19 16 -1.32829e-16
19 17 6.70339e-16
19 18 -1.44219e-16
19 19 0.390686
19 20 -8.06463e-17
19 21 6.6195e-16
19 22 -0.0203473
19 23 -4.1082e-17
19 24 -0.00332023
19 25 4.46141e-18
19 26 -0.00575354
19 27 -5.71775e-17
19 28 1.5564e-16
19 29 6.93311e-16
19 30 -2.66645e-16
19 31 1.25355e-16
19 32 5.61444e-16
19 33 0.25346
19 34 -2.81492e-16
19 35 -7.29091e-16
19 36 -0.0168633
19 37 -2.30867e-17
19 38 0.0122597
19 39 9.01857e-18
19 40 0.000854888
19 41 -3.33565e-17
19 42 -2.17015e-16
19 43 -1.09483e-15
19 44 1.20863e-16
19 45 3.18917e-16
19 46 -7.61759e-16
19 47 -0.0210055
19 48 4.55521e-16
19 49 3.41724e-16
19 50 -0.00988644
19 51 2.29252e-17
19 52 0.00288112
19 53 -9.65993e-18
19 54 0.0110455
19 55 -3.18947e-17
19 56 1.01021e-16
19 57 5.6056e-16
19 58 -3.436e-16
19 59 4.28967e-16
19 60 -1.06322e-15
19 61 -0.158238
19 62 -3.1562e-16
19 63 2.52023e-16
19 64 -0.00640119
19 65 -6.10792e-18
19 66 0.000814032
19 67 4.693e-18
19 68 0.00140851
19 69 3.00742e-18
19 70 1.00772e-16
19 71 8.83474e-16
19 72 6.93878e-17
19 73 -6.11802e-16
19 74 -1.36208e-15
19 75 -0.0210122
19 76 -2.37396e-16
19 77 -3.00267e-16
19 78 -0.00988511
19 79 -1.21225e-17
19 80 0.00812541
19 81 -1.02979e-17
19 82 0.00801694
19 83 -2.90307e-17
19 84 1.14382e-16
19 85 -1.67357e-16
19 86 -3.92711e-17
19 87 1.81303e-17
19 88 0.00607522
19 89 -8.62266e-16
19 90 3.27918e-16
19 91 2.6105e-17
19 92 -4.8298e-17
19 93 0.00956691
19 94 -5.69647e-16
19 95 1.90005e-16
19 96 1.81771e-17
19 97 6.9316e-17
19 98 0.00607372
19 99 1.06114e-16
19 100 3.97015e-16
19 101 -4.47998e-17
19 102 1.30982e-18
19 103 -0.00091263
19 104 -1.38028e-15
19 105 1.31755e-16
19 106 1.5461e-17
19 107 -3.25645e-17
19 108 -0.00440574
19 109 6.10058e-17
19 110 -2.09949e-16
19 111 -1.24482e-17
19 112 3.63078e-17
19 113 -0.000912551
20 0 -0.0023468
20 1 0.0737591
20 2 0.0100464
20 3 0.0849597
20 4 -0.0321754
20 5 -2.29659e-16
20 6 -0.0251434
20 7 -0.0046277
20 8 1.5977e-17
20 9 -0.00281066
20 10 3.08515e-18
20 11 0.000280043
20 12 -6.64626e-18
20 13 -0.00399433
20 14 0.00218979
20 15 -0.0144663
20 16 -0.0141302
20 17 -0.159557
20 18 -0.0219104
20 19 -8.06463e-17
20 20 0.0630233
20 21 0.0141098
20 22 1.26624e-17
20 23 -0.00618151
20 24 3.71904e-18
20 25 -0.000417639
20 26 2.74936e-18
20 27 -0.00112303
20 28 0.00114683
20 29 0.0217582
20 30 0.0192777
